1,4,10,2,7,U,1,29.09
2,4,10,2,8,S,1,35.05,0,1,1
3,4,10,2,7,U,1,26.94
4,4,10,2,7,S,1,5.96
5,4,10,2,6,S,1,18.12,0,0,1
6,4,10,2,7,S,1,23.13,1,1,0
7,4,10,2,7,S,1,2.86
8,4,10,2,7,U,1,22.89
9,4,10,2,8,U,1,23.13
10,4,10,2,8,U,1,23.13
11,8,16,2,14,U,1,530.0
12,8,16,2,14,U,1,457.05
13,8,16,2,13,S,1,140.91,1,0,0,0,1,0
14,8,16,2,12,S,1,395.06,0,1,0,0,1,1,1
15,8,16,2,14,U,1,506.88
16,8,16,2,15,U,1,387.91
17,8,16,2,16,S,1,96.08,1,0,0,0,0,0
18,8,16,2,15,U,1,388.86
19,8,16,2,14,S,1,152.11,0,1,0,0,0,1
20,8,16,2,14,S,1,344.04,1,0,1,0,1,1,1
21,12,24,2,20,S,1,1630.07,1,1,1,0,1,1,1,0,0,0
22,12,24,2,21,S,1,1485.11,0,0,0,0,0,0,0,1,1
23,12,24,2,21,U,1,6474.02
24,12,24,2,22,U,1,5964.99
25,12,24,2,20,S,1,388.86,1,0,1,1,0,0,1
26,12,24,2,20,U,1,4351.14
27,12,24,2,20,U,1,5701.07
28,12,24,2,22,S,1,6696.94,1,0,1,0,1,0,0,0,0,1,1
29,12,24,2,22,U,1,6889.82
30,12,24,2,20,S,1,3484.01,0,0,1,1,0,1,1,1,1,1
31,16,32,2,28,S,1,11904.95,0,0,0,1,0,1,1,0,1,0,0,1
32,16,32,2,29,U,1,107944.97
33,16,32,2,29,S,1,113018.99,0,1,0,1,0,1,0,1,1,1,0,0,1,1,1
34,16,32,2,27,S,1,97663.88,0,1,0,1,1,0,0,0,0,1,0,1,1,0,1
35,16,32,2,26,U,1,21234.04
36,16,32,2,27,S,1,103578.09,1,1,0,1,0,0,0,1,0,1,0,1,0,1,1
37,16,32,2,27,U,1,48707.96
38,16,32,2,28,U,1,129506.11
39,16,32,2,27,S,1,32991.89,1,0,1,1,0,0,1,0,0,0,1,1,0,0
40,16,32,2,27,U,1,56802.03
41,18,36,2,31,U,1,426018.95
42,18,36,2,31,U,1,131708.15
43,18,36,2,31,U,1,208918.09
44,18,36,2,32,U,1,384243.01
45,18,36,2,33,U,1,392437.22
46,18,36,2,29,U,1,448246.96
47,18,36,2,32,U,1,432197.09
48,18,36,2,30,S,1,46983.0,1,1,1,0,1,0,0,0,0,0,0,0,1,0
49,18,36,2,29,U,1,216382.98
50,18,36,2,31,S,1,2363.92,0,0,1,1,0,0,0,0,1,0
51,20,40,2,33,U,1,799582.0
52,20,40,2,35,U,1,1486043.21
53,20,40,2,35,S,1,1158300.88,0,0,1,0,0,1,1,0,0,0,0,0,1,0,1,0,1,0,0
54,20,40,2,32,U,1,939637.9
55,20,40,2,37,U,1,1770287.04
56,20,40,2,30,U,1,474049.09
57,20,40,2,34,U,1,1749320.98
58,20,40,2,34,S,1,720484.97,1,1,0,0,0,1,0,0,0,0,0,1,0,0,1,1,0,1
59,20,40,2,36,U,1,1648186.92
60,20,40,2,31,S,1,287126.06,0,0,0,0,1,0,0,0,0,0,0,1,0,0,0,0,0
61,22,44,2,42,S,1,1555433.99,1,0,1,1,1,0,1,0,1,0,1,0,1,0,0,0,0,0,1
62,22,44,2,37,U,1,6387990.0
63,22,44,2,38,U,1,3378669.98
64,22,44,2,39,U,1,1479891.06
65,22,44,2,37,U,1,3948056.94
66,22,44,2,37,U,1,3406548.02
67,22,44,2,37,U,1,8067692.04
68,22,44,2,38,U,1,7236680.03
69,22,44,2,37,U,1,7252975.94
70,22,44,2,38,U,1,3257339.0
71,24,48,2,42,S,1,783871.89,0,0,1,1,0,0,1,1,1,0,0,0,0,1,0,1,0,1
72,24,48,2,41,U,1,30410519.84
73,24,48,2,43,U,1,14005929.95
74,24,48,2,43,S,1,22386826.99,0,1,1,1,0,1,0,1,0,0,0,0,0,1,0,0,0,0,1,0,1,0,1
75,24,48,2,38,U,1,14354889.87
76,24,48,2,42,U,1,27436749.94
77,24,48,2,41,U,1,14188184.98
78,24,48,2,46,U,1,27419765.0
79,24,48,2,42,U,1,11275038.0
80,24,48,2,35,U,-1,16541202.07
81,4,20,3,8,U,1,44.82
82,4,20,3,8,S,1,16.93
83,4,20,3,8,S,1,25.99,0,1
84,4,20,3,8,S,1,45.06,1,1
85,4,20,3,8,U,1,70.1
86,4,20,3,8,S,1,41.96,1,1,0
87,4,20,3,8,U,1,51.02
88,4,20,3,8,U,1,46.01
89,4,20,3,8,U,1,58.89
90,4,20,3,8,S,1,18.84,1,0
91,8,40,3,16,S,1,417.95,0,1,1,1,1,0,0
92,8,40,3,16,S,1,41.96,1,0,0
93,8,40,3,16,S,1,395.06,1,0,0,1,0,1
94,8,40,3,16,U,1,1211.88
95,8,40,3,16,U,1,713.83
96,8,40,3,16,U,1,785.11
97,8,40,3,16,U,1,818.97
98,8,40,3,16,U,1,854.97
99,8,40,3,16,U,1,608.21
100,8,40,3,16,U,1,824.93
101,12,60,3,24,U,1,14306.07
102,12,60,3,24,S,1,475.88,0,0,0,1,0
103,12,60,3,24,U,1,13932.94
104,12,60,3,24,S,1,30.99
105,12,60,3,24,U,1,13074.16
106,12,60,3,24,U,1,14199.02
107,12,60,3,24,U,1,14108.9
108,12,60,3,24,U,1,14925.0
109,12,60,3,24,S,1,267.98,1,0,0,0
110,12,60,3,24,U,1,14492.99
111,16,80,3,32,U,1,239111.9
112,16,80,3,32,S,1,163841.01,0,1,1,1,0,1,1,1,0,1,0,1,0,1,1
113,16,80,3,32,U,1,226216.08
114,16,80,3,32,U,1,226783.04
115,16,80,3,32,U,1,212808.13
116,16,80,3,32,U,1,239580.87
117,16,80,3,32,U,1,242550.13
118,16,80,3,32,U,1,208983.9
119,16,80,3,32,U,1,223414.9
120,16,80,3,32,S,1,192337.04,0,0,0,1,0,0,1,0,0,1,1,1,1,0,1
121,18,90,3,36,U,1,929956.91
122,18,90,3,36,U,1,878091.81
123,18,90,3,36,U,1,1063907.15
124,18,90,3,36,U,1,894718.89
125,18,90,3,36,U,1,894690.99
126,18,90,3,36,S,1,280606.03,0,1,1,0,1,1,1,1,1,0,0,0,1,0,0,0
127,18,90,3,36,S,1,12494.09,1,0,1,1,0,0,0,0,1,0,0
128,18,90,3,36,S,1,818486.93,1,0,0,1,1,0,1,1,0,0,0,0,1,1,0,1,1
129,18,90,3,36,U,1,818206.07
130,18,90,3,36,S,1,269420.86,0,1,1,1,1,0,1,1,1,0,1,0,0,0,1,0
131,20,100,3,40,S,1,2997273.21,1,1,0,0,1,0,0,1,1,0,1,1,0,0,0,1,1,1,0
132,20,100,3,40,U,1,3072303.06
133,20,100,3,40,S,1,87665.08,1,0,0,0,1,1,0,1,1,0,0,0,1,1,0
134,20,100,3,40,U,1,3619930.98
135,20,100,3,40,S,1,2509066.82,1,1,0,1,1,1,0,1,1,1,1,0,0,0,0,0,1,1,0
136,20,100,3,40,U,1,3239562.03
137,20,100,3,40,U,1,3817227.13
138,20,100,3,40,S,1,2803820.85,1,0,0,1,0,0,0,0,1,0,1,0,1,1,1,1,1,1,1
139,20,100,3,40,U,1,3443333.15
140,20,100,3,40,U,1,3709844.11
141,22,110,3,44,S,1,6635023.12,1,1,1,0,0,1,0,0,1,1,1,0,0,0,0,0,0,1,0,0,0
142,22,110,3,44,S,1,11004627.94,0,0,0,1,0,0,1,1,0,1,1,0,0,1,0,0,0,0,1,0,1
143,22,110,3,44,U,1,15509022.0
144,22,110,3,44,U,1,14047415.02
145,22,110,3,44,U,1,13659826.99
146,22,110,3,44,U,1,13937008.86
147,22,110,3,44,U,1,17459471.94
148,22,110,3,44,U,1,15486698.87
149,22,110,3,44,S,1,989345.07,1,1,0,0,1,1,0,0,0,1,1,0,0,1,0,1,1
150,22,110,3,44,S,1,552628.04,0,0,1,1,0,1,0,0,0,0,1,1,1,1,0,1,0
151,24,120,3,48,U,1,60528218.03
152,24,120,3,47,U,1,48021009.92
153,24,120,3,48,U,1,57354107.14
154,24,120,3,48,U,1,55968642.0
155,24,120,3,48,U,1,65454484.94
156,24,120,3,48,U,1,49428759.1
157,24,120,3,48,U,1,56231018.07
158,24,120,3,48,U,1,65352659.94
159,24,120,3,48,U,1,60504724.03
160,24,120,3,48,U,1,54555748.94
161,4,40,4,8,S,1,61.99,1,1
162,4,40,4,8,U,1,69.86
163,4,40,4,8,U,1,75.82
164,4,40,4,8,S,1,78.92,0,1,0
165,4,40,4,8,S,1,105.14,1,1,0
166,4,40,4,8,S,1,61.99,0,0,0
167,4,40,4,8,S,1,58.89,0,0
168,4,40,4,8,S,1,30.99,1
169,4,40,4,8,S,1,109.91,1,1,1
170,4,40,4,8,S,1,30.99,0
171,8,80,4,16,S,1,484.94,1,0,1,0,1
172,8,80,4,16,S,1,119.92,1,0
173,8,80,4,16,S,1,256.06,0,1,0,0,0
174,8,80,4,16,S,1,255.11,1,0,1,1,0
175,8,80,4,16,S,1,48.16,1
176,8,80,4,16,U,1,1878.02
177,8,80,4,16,U,1,1394.03
178,8,80,4,16,S,1,1602.89,1,1,1,1,1,0,1
179,8,80,4,16,U,1,1584.05
180,8,80,4,16,U,1,1730.92
181,12,120,4,24,S,1,12256.15,1,1,0,1,1,1,0,0,0,1,0
182,12,120,4,24,S,1,21480.08,0,1,1,1,0,0,0,0,1,1,0
183,12,120,4,24,S,1,379.09,0,0,1,1
184,12,120,4,24,U,1,31262.87
185,12,120,4,24,S,1,16438.01,0,0,1,0,0,0,0,1,0,1,0
186,12,120,4,24,S,1,5691.05,1,0,1,1,1,1,1,0,0
187,12,120,4,24,U,1,20398.86
188,12,120,4,24,U,1,31488.18
189,12,120,4,24,U,1,25657.89
190,12,120,4,24,U,1,23308.04
191,16,160,4,32,S,1,236783.98,0,0,1,1,0,0,1,1,1,1,0,0,0,1
192,16,160,4,32,U,1,434268.0
193,16,160,4,32,U,1,521380.19
194,16,160,4,32,S,1,118170.98,0,1,0,0,1,1,0,0,0,1,0,1,1
195,16,160,4,32,S,1,115638.02,1,1,1,1,1,1,1,1,1,0,0,1,0,0
196,16,160,4,32,U,1,441610.1
197,16,160,4,32,U,1,475404.98
198,16,160,4,32,U,1,405318.98
199,16,160,4,32,S,1,163017.99,0,1,1,0,1,0,1,1,1,1,1,0,1,0
200,16,160,4,32,S,1,1935.01,0,0,1,0,1,0,0
201,18,180,4,36,S,1,121300.94,1,1,1,0,1,1,0,0,1,1,1,0,0,0
202,18,180,4,36,U,1,2142372.13
203,18,180,4,36,S,1,439182.04,0,1,0,0,1,1,0,1,0,0,1,0,0,1,0,0
204,18,180,4,36,U,1,1907258.99
205,18,180,4,36,U,1,2031486.03
206,18,180,4,36,S,1,673199.18,1,0,1,0,0,0,1,0,1,1,1,0,0,0,1,0
207,18,180,4,36,U,1,1624666.93
208,18,180,4,36,S,1,325304.03,1,1,0,0,1,1,0,0,1,1,0,0,1,0,1
209,18,180,4,36,U,1,1634261.85
210,18,180,4,36,U,1,1841279.98
211,20,200,4,40,S,1,4201693.06,0,1,1,0,0,1,0,0,0,1,1,1,1,0,1,0,1,1
212,20,200,4,40,U,1,7707008.84
213,20,200,4,40,S,1,178637.98,0,0,0,0,1,1,0,0,1,1,0,0,1,1
214,20,200,4,40,S,1,2588770.15,0,0,0,0,0,0,1,1,0,0,1,0,1,0,1,0,0,1
215,20,200,4,40,U,1,6267694.95
216,20,200,4,40,U,1,6565083.03
217,20,200,4,40,S,1,228018.05,0,0,0,0,0,1,0,0,1,1,1,0,1,0,0
218,20,200,4,40,U,1,8865549.09
219,20,200,4,40,S,1,3026371.0,0,0,1,0,1,0,0,1,0,0,1,1,1,0,1,0,1,0
220,20,200,4,40,U,1,7885756.02
221,22,220,4,44,U,1,27351222.99
222,22,220,4,44,U,1,30824959.04
223,22,220,4,44,S,1,16342486.86,0,1,0,0,0,0,1,1,1,1,0,0,0,0,1,0,0,1,1,1
224,22,220,4,44,U,1,27690479.04
225,22,220,4,44,S,1,18910975.93,1,0,0,0,0,1,0,0,0,1,1,1,1,1,1,1,0,1,1,0,0
226,22,220,4,44,U,1,26921614.89
227,22,220,4,44,S,1,9032433.03,0,1,0,0,0,1,0,1,0,1,0,0,1,1,1,0,1,0,1,0
228,22,220,4,44,U,1,31193140.98
229,22,220,4,44,S,1,18371448.04,0,0,1,1,0,0,1,1,0,1,0,0,1,0,0,1,1,0,0,1,0
230,22,220,4,44,U,1,26675163.03
231,24,240,4,48,U,1,104818866.01
232,24,240,4,48,S,1,32780533.08,1,1,1,0,0,0,0,1,0,1,1,0,1,0,0,0,1,1,0,1,1,0
233,24,240,4,48,U,1,121396975.99
234,24,240,4,48,S,1,36084362.98,1,1,0,0,0,0,1,1,1,0,0,1,1,0,0,0,1,0,0,0,1,0
235,24,240,4,48,S,1,64612519.03,1,0,0,1,0,1,0,1,0,1,1,1,0,0,1,0,1,1,0,1,0,0,0
236,24,240,4,48,U,1,118357104.06
237,24,240,4,48,S,1,36144927.98,1,1,1,1,0,1,0,1,0,1,0,1,1,0,0,1,1,0,0,0,1,0
238,24,240,4,48,S,1,5621474.98,0,1,0,1,1,1,0,1,0,1,0,0,1,0,1,1,0,1,0
239,24,240,4,48,U,1,106819837.09
240,24,240,4,48,S,1,53669243.1,0,0,0,1,0,1,0,1,0,0,0,0,1,1,1,1,1,1,1,0,1,1
241,4,40,5,8,S,1,48.88,1,0
242,4,40,5,8,S,1,16.93
243,4,40,5,8,S,1,56.03,1,1
244,4,40,5,8,S,1,19.07
245,4,40,5,8,S,1,28.85,0
246,4,40,5,8,S,1,19.07
247,4,40,5,8,S,1,35.05,0,0
248,4,40,5,8,S,1,133.99,1,1,1
249,4,40,5,8,S,1,68.9,0,1
250,4,40,5,8,S,1,16.93
251,8,80,5,16,S,1,146.15,1,1
252,8,80,5,16,S,1,60.08,1
253,8,80,5,16,S,1,118.02,1,0
254,8,80,5,16,S,1,111.82,0,0
255,8,80,5,16,S,1,426.05,0,1,0,0,0
256,8,80,5,16,S,1,78.2,0,0
257,8,80,5,16,S,1,397.92,0,1,0,0,0
258,8,80,5,16,S,1,200.99,0,0,0,0
259,8,80,5,16,S,1,370.03,1,1,1,0
260,8,80,5,16,S,1,1088.14,0,1,1,1,1,1
261,12,120,5,24,S,1,8039.0,0,1,0,0,1,0,1,0,0
262,12,120,5,24,S,1,778.91,1,0,0,0,0
263,12,120,5,24,S,1,1199.96,0,0,1,0,0,0
264,12,120,5,24,S,1,2498.87,0,1,0,0,0,0,0,0
265,12,120,5,24,S,1,1230.96,1,1,1,0,1
266,12,120,5,24,S,1,4519.94,0,1,1,1,1,0,0,0,0
267,12,120,5,24,S,1,2514.12,1,0,0,0,0,0,0,0
268,12,120,5,24,S,1,120.16,1,0,0
269,12,120,5,24,S,1,57.94,0
270,12,120,5,24,S,1,10437.01,0,1,0,1,0,0,0,0,0,0
271,16,160,5,32,S,1,1555.92,0,0,1,0,1
272,16,160,5,32,S,1,2979.04,0,1,0,0,1,1,0,0
273,16,160,5,32,S,1,83539.96,0,0,1,0,1,1,1,1,0,0,0,0,0
274,16,160,5,32,S,1,3555.77,0,1,1,1,0,0,0,0
275,16,160,5,32,S,1,11379.96,0,0,0,0,0,1,0,1,0,0
276,16,160,5,32,S,1,5803.11,0,1,0,1,0,0,1
277,16,160,5,32,S,1,2810.96,0,0,0,1,0,0,0
278,16,160,5,32,S,1,3643.04,1,0,0,1,0,1,0
279,16,160,5,32,S,1,2051.12,0,1,1,0,0,0,1
280,16,160,5,32,S,1,8489.13,0,0,1,0,0,1,1,0,1
281,18,180,5,36,S,1,14571.19,0,1,1,0,0,1,0,0,0,0
282,18,180,5,36,S,1,2107.14,1,1,0,1,1,1,0
283,18,180,5,36,S,1,1730.92,1,0,1,0,0,1
284,18,180,5,36,S,1,10764.84,1,1,1,0,0,1,1,0,0,0
285,18,180,5,36,S,1,29196.02,0,1,1,0,1,1,0,0,1,1
286,18,180,5,36,S,1,9919.88,1,0,1,0,1,1,0,1,0,1
287,18,180,5,36,S,1,14184.95,0,1,1,0,1,1,0,0,0,0
288,18,180,5,36,S,1,35360.81,1,1,0,1,1,1,0,0,0,1,1
289,18,180,5,36,S,1,26366.95,1,0,0,1,0,1,0,1,0,0,0
290,18,180,5,36,S,1,12552.02,0,0,0,0,1,1,0,1,0,0
291,20,200,5,40,S,1,345295.91,0,1,0,0,1,0,1,0,0,0,0,1,0,0
292,20,200,5,40,S,1,218209.03,1,1,1,1,1,1,0,1,0,0,0,1,0,0
293,20,200,5,40,S,1,54809.09,1,0,1,0,1,0,1,0,1,0,1
294,20,200,5,40,S,1,67143.92,0,1,1,1,0,0,0,1,0,0,0,0
295,20,200,5,40,S,1,71163.18,1,0,1,0,0,1,0,1,0,1,0,1
296,20,200,5,40,S,1,115200.04,0,0,1,1,0,1,0,0,1,1,1,1,0
297,20,200,5,40,S,1,67926.88,0,0,0,1,0,0,1,0,1,0,1,0
298,20,200,5,40,S,1,16415.83,0,0,0,0,0,0,0,1,0,0
299,20,200,5,40,S,1,19139.05,1,1,1,0,0,0,0,0,0,1
300,20,200,5,40,S,1,8110.05,1,1,1,1,0,0,1,0,0
301,22,220,5,44,S,1,1302084.92,1,0,0,1,0,1,1,1,1,0,0,0,0,0,1,0
302,22,220,5,44,S,1,1459777.83,0,1,1,1,1,1,1,1,1,1,1,1,0,0,0,0,0
303,22,220,5,44,S,1,139286.99,0,0,0,1,0,0,0,1,0,1,1,1
304,22,220,5,44,S,1,201163.05,1,0,0,1,0,1,0,1,0,0,0,0,0,0,0
305,22,220,5,44,S,1,4983.9,0,0,1,1,1,1,0,0
306,22,220,5,44,S,1,10988.0,0,0,0,1,1,1,0,1
307,22,220,5,44,S,1,112401.96,1,1,1,1,1,0,1,0,1,1,1,1
308,22,220,5,44,S,1,110827.21,0,1,0,0,0,1,1,0,0,0,1,1
309,22,220,5,44,S,1,68536.04,0,0,0,1,0,0,0,1,1,1,1,0
310,22,220,5,44,S,1,29378.89,0,1,1,1,0,1,0,0,0,1,0
311,24,240,5,48,S,1,42374.85,0,0,1,0,1,1,0,1,1,1,1
312,24,240,5,48,S,1,269012.21,0,0,1,0,1,0,0,0,1,0,1,0,1,0
313,24,240,5,48,S,1,755.07,0,1,0,0
314,24,240,5,48,S,1,151193.86,0,1,1,0,0,0,0,0,1,0,0,1,0
315,24,240,5,48,S,1,1275656.94,0,1,1,1,0,0,0,1,0,0,0,0,1,0,0,1
316,24,240,5,48,S,1,151512.86,0,1,1,0,0,1,1,0,0,0,1,1
317,24,240,5,48,S,1,52606.82,0,0,0,1,0,1,0,0,0,0,0
318,24,240,5,48,S,1,1104267.12,1,1,0,0,1,1,0,1,0,0,0,0,1,0,1,0
319,24,240,5,48,S,1,224193.1,0,1,1,0,0,1,0,1,0,1,0,0,0
320,24,240,5,48,S,1,220037.94,1,1,0,0,0,1,1,0,0,0,1,1,1,0
321,4,40,6,8,S,1,17.88
322,4,40,6,8,S,1,29.09
323,4,40,6,8,S,1,20.03
324,4,40,6,8,S,1,19.07
325,4,40,6,8,S,1,47.92,1
326,4,40,6,8,S,1,16.93
327,4,40,6,8,S,1,17.17
328,4,40,6,8,S,1,17.88
329,4,40,6,8,S,1,17.88
330,4,40,6,8,S,1,43.15,0
331,8,80,6,16,S,1,42.92
332,8,80,6,16,S,1,123.98,1,0,0,0
333,8,80,6,16,S,1,61.99,0,0
334,8,80,6,16,S,1,110.15,0,1
335,8,80,6,16,S,1,51.02,0
336,8,80,6,16,S,1,209.09,0,1,1,1
337,8,80,6,16,S,1,35.05
338,8,80,6,16,S,1,137.81,0,0
339,8,80,6,16,S,1,87.98,0,1
340,8,80,6,16,S,1,61.04
341,12,120,6,24,S,1,206.95,1,0
342,12,120,6,24,S,1,163.08,0,0
343,12,120,6,24,S,1,674.96,0,0,1,1,0
344,12,120,6,24,S,1,59.84,1
345,12,120,6,24,S,1,406.03,0,0,1,0
346,12,120,6,24,S,1,109.91,0
347,12,120,6,24,S,1,51.98
348,12,120,6,24,S,1,406.03,0,0,1
349,12,120,6,24,S,1,1019.0,0,1,1,0,0,0
350,12,120,6,24,S,1,50.78
351,16,160,6,32,S,1,2760.89,0,1,1,1,0,0,0
352,16,160,6,32,S,1,475.88,1,1,1,0
353,16,160,6,32,S,1,370.98,1,0,0,0,0
354,16,160,6,32,S,1,730.04,0,1,1
355,16,160,6,32,S,1,868.8,0,1,0,0,0
356,16,160,6,32,S,1,1357.79,1,1,0,1,0,1
357,16,160,6,32,S,1,14878.03,0,1,1,1,0,0,0,1,0
358,16,160,6,32,S,1,1038.07,1,0,0,0,1
359,16,160,6,32,S,1,711.92,0,0,1,0
360,16,160,6,32,S,1,228.88,1
361,18,180,6,36,S,1,12288.81,0,0,0,1,0,0,0,0,0
362,18,180,6,36,S,1,108.0
363,18,180,6,36,S,1,308.99,0,1,0,0
364,18,180,6,36,S,1,119.21,0,0
365,18,180,6,36,S,1,2269.98,0,0,0,1,0,0,0
366,18,180,6,36,S,1,1232.15,0,1,0,0,1,0
367,18,180,6,36,S,1,95.84,0
368,18,180,6,36,S,1,218.87,0,0,0,0
369,18,180,6,36,S,1,246.05,0,1
370,18,180,6,36,S,1,258.92,1,0,0,0
371,20,200,6,40,S,1,5632.16,1,0,1,0,1,1,1
372,20,200,6,40,S,1,6997.82,1,0,1,1,0,1,0,1
373,20,200,6,40,S,1,5119.09,1,0,0,0,1,0,0,0
374,20,200,6,40,S,1,275.14,0,1
375,20,200,6,40,S,1,1796.01,1,1,0,0,1,0
376,20,200,6,40,S,1,15811.92,1,0,0,0,0,0,0,0,0,0
377,20,200,6,40,S,1,5864.86,0,1,1,0,0,0,1,0
378,20,200,6,40,S,1,102921.96,0,0,0,0,0,1,0,1,0,1,0,0
379,20,200,6,40,S,1,4775.05,1,0,0,0,1,1,0
380,20,200,6,40,S,1,2449.99,0,0,1,1,1,0
381,22,220,6,44,S,1,9717.94,1,0,0,0,0,0,1,0
382,22,220,6,44,S,1,15674.83,0,1,1,0,0,1,0,0,1
383,22,220,6,44,S,1,3602.03,1,0,1,0,0,1,1
384,22,220,6,44,S,1,64369.92,1,1,0,0,0,0,1,1,0,0,0,0
385,22,220,6,44,S,1,95.13
386,22,220,6,44,S,1,40034.06,1,0,0,1,1,0,0,0,0,1,0
387,22,220,6,44,S,1,11117.94,1,1,1,0,1,1,0,1
388,22,220,6,44,S,1,1314.88,0,0,0,0,1,0,0
389,22,220,6,44,S,1,875.95,1,0,0,0,0
390,22,220,6,44,S,1,4117.97,0,1,1,0,0,0,0,0
391,24,240,6,48,S,1,707.15,0,1,0,0
392,24,240,6,48,S,1,348.09,1,0
393,24,240,6,48,S,1,371.93,0,1
394,24,240,6,48,S,1,217.91,0
395,24,240,6,48,S,1,1185.89,1,1,0,1
396,24,240,6,48,S,1,3638.03,1,0,0,0,1,1
397,24,240,6,48,S,1,494.96,0,1
398,24,240,6,48,S,1,99718.09,0,0,0,1,0,0,0,1,0,0,1
399,24,240,6,48,S,1,85605.86,1,0,0,0,0,0,0,0,0,0,0
400,24,240,6,48,S,1,6452.08,1,0,1,1,1,0,0,1
kSAT,avatar,400,256,144,400,399
